0.6
0.84
1.14
1.38
1.55
1.77
1.81
1.98
2.16
2.46
2.51
2.65
2.71
3.26
3.51
3.67
3.9
3.97
4.29
4.55
4.81
5.08
5.34
5.47
5.63
5.74
5.98
6.37
6.57
6.62
6.87
7.15
7.41
7.68
7.76
8.19
8.67
8.95
9.14
9.21
9.3
9.49
9.75
9.9
10.01
10.12
10.26
10.54
10.81
10.92
11.11
11.37
11.47
11.59
11.64
11.88
11.94
12.05
12.18
12.29
12.43
12.71
12.89
12.99
13.07
13.15
13.25
13.5
13.61
13.73
13.79
13.92
14.02
14.19
14.28
14.41
14.55
14.82
15.06
15.2
15.27
15.33
15.59
15.73
15.84
16.03
16.11
16.23
16.38
16.55
16.61
16.68
16.78
16.9
17.1
17.17
17.29
17.46
17.56
17.76
17.9
18.02
18.17
18.29
18.59
18.7
18.83
18.97
19.11
19.23
19.35
19.48
19.56
19.64
19.9
20.0
20.15
20.26
20.32
20.43
20.7
20.84
20.96
21.11
21.24
21.38
21.45
21.62
21.68
21.76
22.04
22.15
22.29
22.41
22.45
22.56
22.85
22.98
23.1
23.23
23.38
23.51
23.59
23.7
23.75
23.82
23.89
24.01
24.17
24.27
24.4
24.56
24.69
24.98
25.25
25.36
25.46
25.55
25.68
25.79
25.83
25.99
26.12
26.42
26.53
26.62
26.74
26.84
26.94
27.04
27.32
27.43
27.53
27.64
27.72
27.83
27.93
28.04
28.14
28.22
28.32
28.43
28.53
28.64
28.83
28.94
29.04
29.14
29.26
29.36
29.46
29.75
29.87
29.98
30.07
30.18
30.28
30.38
30.49
30.6
30.68
30.76
30.87
30.99
31.29
31.4
31.51
31.61
31.73
31.83
31.93
32.06
32.23
32.33
32.44
32.55
32.65
32.76
32.86
32.98
33.09
33.17
33.28
33.39
33.49
33.61
33.8
33.9
34.01
34.12
34.23
34.35
34.43
34.73
34.84
34.95
35.08
35.25
35.38
35.65
35.96
36.02
36.3
36.43
36.53
36.64
36.75
36.88
36.97
37.09
37.27
37.37
37.47
37.55
37.66
37.76
37.86
37.99
38.09
38.15
38.27
38.38
38.47
38.81
38.89
38.99
39.09
39.21
39.32
39.4
39.71
39.84
39.95
40.03
40.12
40.22
40.33
40.47
40.56
40.63
40.74
40.85
40.96
41.09
41.28
41.37
41.47
41.57
41.68
41.8
41.89
42.01
42.13
42.29
42.41
42.48
42.59
42.69
42.81
42.94
43.04
43.23
43.35
43.43
43.76
43.8
43.88
44.0
44.08
44.19
44.31
44.4
44.75
44.93
45.04
45.36
45.7
46.01
46.14
46.18
46.33
46.48
46.65
46.85
46.95
47.11
47.19
47.25
47.42
47.57
47.88
48.0
48.07
48.19
48.33
48.46
48.54
48.66
48.71
48.86
49.0
49.15
49.34
49.38
49.48
49.6
49.65
49.78
49.95
50.26
50.43
50.59
50.67
50.74
50.82
50.89
50.96
51.04
51.21
51.34
51.49
51.63
51.82
51.96
52.12
52.27
52.41
52.73
52.9
53.05
53.09
53.15
53.28
53.35
53.43
53.52
53.63
53.67
53.81
53.96
54.11
54.28
54.32
54.89
